26
41
42
103
116
175
188
193
195
199
205
210
211
214
216
219
222
224
228
229
234
235
238
241
244
245
246
247
248
249
250
251
259
262
264
267
271
277
278
279
280
281
282
283
284
288
289
293
297
299
303
304
306
312
317
320
323
324
328
329
330
337
338
341
342
343
346
347
352
353
356
362
363
364
365
369
371
373
380
382
383
387
389
390
391
392
397
398
399
402
403
404
408
409
410
412
413
416
417
418
419
424
425
426
427
428
429
430
431
432
433
434
437
439
440
441
442
443
444
445
446
448
449
450
452
453
454
455
456
457
458
459
461
462
463
464
465
466
469
470
471
472
473
474
475
476
477
478
479
480
482
483
484
485
486
489
490
491
492
493
494
495
496
497
498
499
500
501
502
503
504
505
506
507
509
510
511
512
513
514
515
516
517
518
519
520
521
522
